12696356                  32076242               10779 Р
22928033                  82967071               4397 Р
28091141                  36738104               15524 Р
38400146                  87487944               74149 Р
39663048                  93995513               19054 Р
58923103                  13682533               62067 Р
79496150                  88107506               58038 Р
85039004                  72802217               69802 Р
94974072                  45506598               47868 Р
97833409                  99733414               81245 Р
